33454444 Mike Stiller-3.75 221 Blue St.-99 91 83 92 94 92 97 94 93 78 66 77
69988963 Marcy Eckhert-2.43 953 Ridgeway Rd.-77 89 63 74 85 90 93 74 85 74 73 83
47763329 Lyndon Johnson-3.45 802 Love Ln.-99 91 83 92 94 92 97 94 93 78 83 73
55584739 Wes Thompson-2.24 839 Hollow Tr.-92 93 74 85 74 99 91 83 92 77 83 73
13453329 Alex Cortez-3.53 109 Crest St.-99 91 83 92 94 92 97 94 93 78 88 93
45553894 Ben Lyons-3.34 220 Ridge Rd.-88 92 83 27 94 93 92 94 94 92 73 83
59860454 Jimmy Woods-3.77 234 Orange St.-99 91 83 92 94 92 97 94 93 78 83 94
38889643 Christie Mickey-3.45 552 Nickel Rd.-77 89 93 74 85 92 93 74 85 74 47 85
59988963 Stella Esquire-3.33 9595 Colby Rd.-77 89 93 74 85 92 93 74 85 74 83 93
61111339 Joey Gerald-2.46 1393 Mustang Tr.-57 38 88 22 76 73 99 91 83 92 83 94
23897939 Ash Catchum-3.44 1550 Sagewood Tr.-92 93 74 85 74 99 91 83 92 77 73 98
32498887 Caleb Nesbit-3.33 200 Peach Rd.-88 92 83 27 94 93 92 94 94 92 88 77
66644324 Jackie Wild-2.74 134 Yellow St.-99 91 83 92 66 92 37 94 83 78 83 74
57688874 Ricky Bobby-3.23 1776 Apple Ln.-88 92 83 27 94 93 92 94 94 92 73 83
12493894 Ryan Marsh-3.23 220 River Rd.-88 92 83 27 94 93 92 94 94 92 99 93
71771132 Michael Batson-1.46 1223 Lina Tr.-57 38 88 66 74 73 44 91 89 92 83 94
52347499 Lexi Ryan-2.40 729 Wave Rd.-77 89 93 74 85 92 93 74 85 74 83 73
20829499 Beth Marie-3.03 110 Copper Rd.-77 89 93 74 85 92 93 74 85 74 92 45
44445939 Ashley Amigo-2.36 119 Sage Tr.-57 38 88 22 76 73 99 91 83 92 88 94
75779329 Charlie Kowalski-4.00 919 Prarie Tr.-97 98 88 22 79 73 99 91 83 92 84 93
